0 80 
1 15 
2 351 
3 228 
4 232 
5 243 
6 257 
7 268 
8 282 
9 288 
10 304 
11 298 
12 312 
13 309 
14 338 
15 323 
16 336 
17 335 
18 361 
19 370 
20 358 
21 392 
22 391 
23 401 
24 411 
25 415 
26 417 
27 426 
28 444 
29 442 
30 466 
31 469 
32 511 
33 479 
34 494 
35 499 
36 505 
37 522 
38 531 
39 540 
40 563 
41 557 
42 558 
43 563 
44 614 
45 593 
46 604 
47 598 
48 657 
49 680 
50 699 
51 710 
52 735 
53 721 
54 704 
55 732 
56 733 
57 730 
58 785 
59 780 
60 760 
61 760 
62 777 
63 796 
64 810 
65 784 
66 848 
67 823 
68 860 
69 855 
70 870 
71 877 
72 881 
73 878 
74 872 
75 907 
76 914 
77 934 
78 908 
79 933 
80 968 
81 962 
82 958 
83 980 
84 960 
85 1062 
86 1013 
87 1041 
88 1028 
89 1026 
90 1055 
91 1039 
92 1378 
93 1146 
94 1153 
95 1199 
96 1149 
97 1198 
98 1168 
99 1222 
100 1169 
