0 29 
1 14 
2 725 
3 388 
4 445 
5 422 
6 447 
7 441 
8 478 
9 476 
10 474 
11 482 
12 492 
13 480 
14 494 
15 482 
16 503 
17 521 
18 527 
19 508 
20 506 
21 525 
22 544 
23 545 
24 508 
25 534 
26 535 
27 541 
28 518 
29 535 
30 539 
31 556 
32 580 
33 583 
34 563 
35 566 
36 557 
37 575 
38 569 
39 556 
40 577 
41 558 
42 870 
43 611 
44 788 
45 592 
46 586 
47 590 
48 685 
49 670 
50 646 
51 634 
52 671 
53 631 
54 660 
55 631 
56 656 
57 652 
58 660 
59 627 
60 770 
61 636 
62 642 
63 641 
64 668 
65 664 
66 639 
67 635 
68 648 
69 625 
70 647 
71 644 
72 650 
73 630 
74 649 
75 656 
76 655 
77 621 
78 638 
79 628 
80 672 
81 1543 
82 723 
83 659 
84 635 
85 625 
86 632 
87 632 
88 638 
89 661 
90 644 
91 661 
92 714 
93 702 
94 683 
95 699 
96 798 
97 789 
98 805 
99 759 
100 733 
101 727 
102 728 
103 714 
104 727 
105 728 
106 708 
107 729 
108 717 
109 723 
110 734 
111 720 
112 710 
113 710 
114 708 
115 708 
116 714 
117 720 
118 721 
119 708 
120 719 
121 719 
122 716 
123 757 
124 703 
125 726 
126 731 
127 736 
128 746 
129 753 
130 777 
131 780 
132 760 
133 738 
134 742 
135 749 
136 728 
137 745 
138 757 
139 732 
140 722 
141 758 
142 753 
143 771 
144 769 
145 777 
146 735 
147 790 
148 774 
149 741 
150 751 
151 735 
152 755 
153 756 
154 737 
155 750 
156 747 
157 748 
158 740 
159 746 
160 753 
161 789 
162 747 
163 757 
164 723 
165 781 
166 742 
167 760 
168 752 
169 774 
170 748 
171 738 
172 759 
173 741 
174 736 
175 778 
176 771 
177 771 
178 737 
179 737 
180 755 
181 761 
182 752 
183 764 
184 829 
185 857 
186 1146 
187 1097 
188 1066 
189 1051 
190 1114 
191 1070 
192 1075 
193 1078 
194 1020 
195 1015 
196 1048 
197 1042 
198 1045 
199 1024 
200 989 
201 1011 
202 1010 
203 1011 
204 1008 
205 987 
206 988 
207 1046 
208 1034 
209 1029 
210 1008 
211 995 
212 1024 
213 993 
214 1007 
215 1003 
216 980 
217 990 
218 1001 
219 997 
220 998 
221 993 
222 1027 
223 1017 
224 1002 
225 984 
226 1011 
227 1069 
228 1014 
229 990 
230 1038 
231 1025 
232 1000 
233 1053 
234 998 
235 1029 
236 998 
237 1021 
238 996 
239 1017 
240 1010 
241 1016 
242 1038 
243 1025 
244 990 
245 1018 
246 1027 
247 1041 
248 1035 
249 1054 
250 1042 
251 1051 
252 1031 
253 1054 
254 1063 
255 1073 
256 1083 
257 1038 
258 1072 
259 1104 
260 1043 
261 1056 
262 1065 
263 1035 
264 1062 
265 1042 
266 1056 
267 1031 
268 1035 
269 1029 
270 1026 
271 1048 
272 1042 
273 1035 
274 1033 
275 1010 
276 1027 
277 1020 
278 1176 
279 1209 
280 1201 
281 1192 
282 1179 
283 1164 
284 1102 
285 1118 
286 1137 
287 1103 
288 1098 
289 1064 
290 1099 
291 1076 
292 1095 
293 1077 
294 1083 
295 1139 
296 1041 
297 1056 
298 1075 
299 1084 
300 1068 
301 1075 
302 1107 
303 1104 
304 1125 
305 1083 
306 1110 
307 1069 
308 1077 
309 1079 
310 1086 
311 1075 
312 1057 
313 1098 
314 1075 
315 1114 
316 1100 
317 1070 
318 1092 
319 1092 
320 1114 
321 1086 
322 1100 
323 1077 
324 1092 
325 1097 
326 1109 
327 1119 
328 1102 
329 1093 
330 1070 
331 1101 
332 1091 
333 1087 
334 1094 
335 1111 
336 1108 
337 1112 
338 1101 
339 1083 
340 1049 
341 1073 
342 1081 
343 1071 
344 1076 
345 1093 
346 1109 
347 1101 
348 1094 
349 1117 
350 1071 
351 1097 
352 1066 
353 1083 
354 1101 
355 1132 
356 1087 
357 1098 
358 1070 
359 1093 
360 1076 
361 1083 
362 1077 
363 1105 
364 1095 
365 1093 
366 1089 
367 1054 
368 1165 
369 1122 
370 1243 
371 1322 
372 1421 
373 1377 
374 1462 
375 1500 
376 1380 
377 1336 
378 1311 
379 1305 
380 1375 
381 1404 
382 1363 
383 1348 
384 1476 
385 1435 
386 1450 
387 1391 
388 1414 
389 1362 
390 1340 
391 1380 
392 1402 
393 1354 
394 1369 
395 1354 
396 1385 
397 1373 
398 1413 
399 1362 
400 1327 
401 1385 
402 1331 
403 1365 
404 1341 
405 1364 
406 1323 
407 1335 
408 1283 
409 1317 
410 1314 
411 1367 
412 1324 
413 1328 
414 1356 
415 1320 
416 1350 
417 1372 
418 1332 
419 1390 
420 1323 
421 1360 
422 1312 
423 1336 
424 1296 
425 1336 
426 1328 
427 1307 
428 1296 
429 1331 
430 1320 
431 1283 
432 1287 
433 1316 
434 1290 
435 1352 
436 1315 
437 1376 
438 1308 
439 1348 
440 1325 
441 1380 
442 1317 
443 1340 
444 1305 
445 1314 
446 1328 
447 1347 
448 1344 
449 1352 
450 1359 
451 1424 
452 1310 
453 1309 
454 1323 
455 1342 
456 1340 
457 1295 
458 1298 
459 1312 
460 1301 
461 1346 
462 1442 
463 1488 
464 1514 
465 1478 
466 1551 
467 1513 
468 1431 
469 1411 
470 1388 
471 1410 
472 1349 
473 1385 
474 1373 
475 1390 
476 1364 
477 1416 
478 1357 
479 1400 
480 1405 
481 1369 
482 1380 
483 1385 
484 1360 
485 1359 
486 1371 
487 1405 
488 1351 
489 1364 
490 1350 
491 1427 
492 1398 
493 1382 
494 1370 
495 1346 
496 1398 
497 1437 
498 1403 
499 1405 
500 1409 
501 1448 
502 1456 
503 1393 
504 1390 
505 1425 
506 1410 
507 1373 
508 1366 
509 1395 
510 1377 
511 1468 
512 1402 
513 1407 
514 1386 
515 1397 
516 1372 
517 1379 
518 1390 
519 1399 
520 1428 
521 1381 
522 1378 
523 1424 
524 1345 
525 1396 
526 1377 
527 1410 
528 1372 
529 1396 
530 1397 
531 1390 
532 1391 
533 1403 
534 1351 
535 1597 
536 1383 
537 1422 
538 1448 
539 1474 
540 1404 
541 1414 
542 1365 
543 1393 
544 1369 
545 1413 
546 1376 
547 1388 
548 1453 
549 1400 
550 1389 
551 1457 
552 1391 
553 1428 
554 1539 
555 1540 
556 1681 
557 1604 
558 1595 
559 1654 
560 1651 
561 1613 
562 1568 
563 1550 
564 1590 
565 1592 
566 1522 
567 1512 
568 1478 
569 1547 
570 1475 
571 1538 
572 1560 
573 1491 
574 1490 
575 1495 
576 1509 
577 1500 
578 1552 
579 1644 
580 1610 
581 1467 
582 1466 
583 1481 
584 1508 
585 1503 
586 1507 
587 1512 
588 1520 
589 1502 
590 1464 
591 1470 
592 1462 
593 1505 
594 1445 
595 1484 
596 1479 
597 1459 
598 1466 
599 1486 
600 1436 
601 1546 
602 1463 
603 1486 
604 1505 
605 1502 
606 1465 
607 1511 
608 1481 
609 1528 
610 1500 
611 1484 
612 1450 
613 1527 
614 1487 
615 1478 
616 1457 
617 1478 
618 1451 
619 1471 
620 1497 
621 1484 
622 1607 
623 1477 
624 1452 
625 1487 
626 1454 
627 1475 
628 1489 
629 1525 
630 1489 
631 1464 
632 1461 
633 1468 
634 1456 
635 1513 
636 1479 
637 1469 
638 1475 
639 1513 
640 1488 
641 1490 
642 1541 
643 1511 
644 1561 
645 1552 
646 1580 
647 1521 
648 1573 
649 1554 
650 1643 
651 1615 
652 1539 
653 1523 
654 1486 
655 1519 
656 1493 
657 1519 
658 1552 
659 1549 
660 1502 
661 1508 
662 1495 
663 1542 
664 1496 
665 1462 
666 1511 
667 1517 
668 1500 
669 1511 
670 1521 
671 1510 
672 1499 
673 1510 
674 1498 
675 1493 
676 1493 
677 1483 
678 1482 
679 1507 
680 1454 
681 1504 
682 1544 
683 1489 
684 1463 
685 1499 
686 1457 
687 1500 
688 1523 
689 1563 
690 1539 
691 1527 
692 1494 
693 1613 
694 1553 
695 1598 
696 1605 
697 1559 
698 1570 
699 1800 
700 1644 
701 1707 
702 1878 
703 1553 
704 1552 
705 1561 
706 1592 
707 1549 
708 1492 
709 1618 
710 1488 
711 1572 
712 1498 
713 1571 
714 1557 
715 1542 
716 1490 
717 1515 
718 1502 
719 1601 
720 1553 
721 1586 
722 1574 
723 1552 
724 1542 
725 1544 
726 1531 
727 1537 
728 1536 
729 1608 
730 1639 
731 1539 
732 1526 
733 1521 
734 1560 
735 1631 
736 1688 
737 1661 
738 1867 
739 2042 
740 1870 
741 1897 
742 1847 
743 2412 
744 2020 
745 2051 
746 1710 
747 1706 
748 1898 
749 2233 
750 2162 
751 2045 
752 1873 
753 1814 
754 1824 
755 1786 
756 1754 
757 1853 
758 1755 
759 1774 
760 1882 
761 1884 
762 1895 
763 1926 
764 1857 
765 1823 
766 1808 
767 1813 
768 1850 
769 1839 
770 1791 
771 1805 
772 1756 
773 1737 
774 1788 
775 1790 
776 1835 
777 1791 
778 1784 
779 1759 
780 1773 
781 1803 
782 1782 
783 1869 
784 1830 
785 1918 
786 1808 
787 2051 
788 1819 
789 1811 
790 1783 
791 1832 
792 1826 
793 1875 
794 1829 
795 1803 
796 1827 
797 1897 
798 1798 
799 1878 
800 1805 
801 1810 
802 1801 
803 1807 
804 1820 
805 1846 
806 1736 
807 1763 
808 1774 
809 1856 
810 1842 
811 1758 
812 1796 
813 1813 
814 1838 
815 1793 
816 1794 
817 1848 
818 1909 
819 1819 
820 1811 
821 1848 
822 1796 
823 1825 
824 1910 
825 1807 
826 2047 
827 1908 
828 1930 
829 1761 
830 1887 
831 1938 
832 1990 
833 1989 
834 1990 
835 2035 
836 1923 
837 1938 
838 1910 
839 1971 
840 1875 
841 1924 
842 1947 
843 1951 
844 1862 
845 1922 
846 1851 
847 1890 
848 1877 
849 1895 
850 1886 
851 1929 
852 1834 
853 1934 
854 1857 
855 1934 
856 1801 
857 1883 
858 1897 
859 1917 
860 1869 
861 2121 
862 1857 
863 1891 
864 1876 
865 1869 
866 1934 
867 1868 
868 1870 
869 1861 
870 1869 
871 1909 
872 1855 
873 1864 
874 1839 
875 1876 
876 1829 
877 1916 
878 1922 
879 1920 
880 1865 
881 1916 
882 1900 
883 1881 
884 1865 
885 1902 
886 1859 
887 1873 
888 1828 
889 1868 
890 1892 
891 1899 
892 1858 
893 1910 
894 1968 
895 2003 
896 1854 
897 1915 
898 1875 
899 1876 
900 1836 
901 1844 
902 1836 
903 1844 
904 1827 
905 1835 
906 1852 
907 1899 
908 1867 
909 1867 
910 1925 
911 1888 
912 1859 
913 1863 
914 1887 
915 1859 
916 1831 
917 1819 
918 1855 
919 1862 
920 1842 
921 1828 
922 1984 
923 2034 
924 2063 
925 2060 
926 2406 
927 2092 
928 2141 
929 2100 
930 2081 
931 1993 
932 2071 
933 2074 
934 1997 
935 2042 
936 2019 
937 2024 
938 2011 
939 2019 
940 2018 
941 2080 
942 1969 
943 2058 
944 2001 
945 2008 
946 1967 
947 2044 
948 1969 
949 2037 
950 1955 
951 1971 
952 1957 
953 1966 
954 1953 
955 2065 
956 1952 
957 2042 
958 2034 
959 2015 
960 1983 
961 2074 
962 2028 
963 2029 
964 1994 
965 1965 
966 1975 
967 2004 
968 1936 
969 1993 
970 1955 
971 2061 
972 2011 
973 2017 
974 1982 
975 2011 
976 1945 
977 1983 
978 1965 
979 2000 
980 1935 
981 1982 
982 2206 
983 1964 
984 1953 
985 2010 
986 2023 
987 2091 
988 1962 
989 1996 
990 1967 
991 1999 
992 2034 
993 1975 
994 2769 
995 2034 
996 2017 
997 1986 
998 2051 
999 3294 
1000 3937 
1001 2190 
1002 2316 
1003 2172 
1004 2108 
1005 2118 
1006 2121 
1007 2179 
1008 2001 
1009 1988 
1010 1986 
1011 1975 
1012 2022 
1013 2000 
1014 2060 
1015 2085 
1016 2147 
1017 2232 
1018 2170 
1019 2186 
1020 2100 
1021 2143 
1022 2146 
1023 2201 
1024 2106 
1025 2118 
1026 2081 
1027 2100 
1028 2078 
1029 2052 
1030 2084 
1031 2125 
1032 2269 
1033 2125 
1034 2066 
1035 2078 
1036 2076 
1037 2048 
1038 2055 
1039 2120 
1040 2038 
1041 2081 
1042 2074 
1043 2095 
1044 2026 
1045 2032 
1046 2102 
1047 2128 
1048 2037 
1049 2108 
1050 2077 
1051 2123 
1052 2061 
1053 2063 
1054 2080 
1055 2105 
1056 2309 
1057 2070 
1058 2071 
1059 2110 
1060 2060 
1061 2132 
1062 2051 
1063 2116 
1064 2019 
1065 2090 
1066 2063 
1067 2088 
1068 2050 
1069 2099 
1070 2063 
1071 2104 
1072 2031 
1073 2093 
1074 2117 
1075 2075 
1076 2079 
1077 2110 
1078 2052 
1079 2132 
1080 2114 
1081 2133 
1082 2172 
1083 2162 
1084 2119 
1085 2126 
1086 2121 
1087 2158 
1088 2202 
1089 2086 
1090 2052 
1091 2030 
1092 2039 
1093 2133 
1094 2157 
1095 2182 
1096 2154 
1097 2128 
1098 2155 
1099 2150 
1100 2109 
1101 2128 
1102 2123 
1103 2060 
1104 2007 
1105 2093 
1106 2221 
1107 2172 
1108 2346 
1109 2374 
1110 2337 
1111 2340 
1112 2424 
1113 2408 
1114 2295 
1115 2330 
1116 2344 
1117 2396 
1118 2260 
1119 2342 
1120 2434 
1121 2427 
1122 2293 
1123 2323 
1124 2296 
1125 2286 
1126 2247 
1127 2297 
1128 2327 
1129 2396 
1130 2249 
1131 2301 
1132 2306 
1133 2362 
1134 2248 
1135 2318 
1136 2253 
1137 2298 
1138 2244 
1139 2243 
1140 2328 
1141 2240 
1142 2485 
1143 2258 
1144 2297 
1145 2272 
1146 2248 
1147 2268 
1148 2275 
1149 2250 
1150 2230 
1151 2296 
1152 2280 
1153 2284 
1154 2271 
1155 2275 
1156 2227 
1157 2232 
1158 2235 
1159 2251 
1160 2250 
1161 2253 
1162 2328 
1163 2207 
1164 2181 
1165 2229 
1166 2184 
1167 2227 
1168 2238 
1169 2296 
1170 2261 
1171 2195 
1172 2204 
1173 2234 
1174 2202 
1175 2254 
1176 2213 
1177 2255 
1178 2200 
1179 2235 
1180 2200 
1181 2300 
1182 2255 
1183 2245 
1184 2223 
1185 2214 
1186 2282 
1187 2239 
1188 2229 
1189 2260 
1190 2239 
1191 2266 
1192 2211 
1193 2217 
1194 2261 
1195 2288 
1196 2251 
1197 2202 
1198 2240 
1199 2271 
1200 2433 
1201 2366 
1202 2428 
1203 2406 
1204 2399 
1205 2380 
1206 2467 
1207 2368 
1208 2453 
1209 2426 
1210 2322 
1211 2390 
1212 2314 
1213 2371 
1214 2342 
1215 2382 
1216 2309 
1217 2599 
1218 2366 
1219 2336 
1220 2351 
1221 2322 
1222 2316 
1223 2349 
1224 2336 
1225 2364 
1226 2319 
1227 2322 
1228 2340 
1229 2422 
1230 2291 
1231 2336 
1232 2290 
1233 2422 
1234 2292 
1235 2354 
1236 2318 
1237 2369 
1238 2317 
1239 2349 
1240 2326 
1241 2355 
1242 2382 
1243 2338 
1244 2276 
1245 2324 
1246 2342 
1247 2334 
1248 2289 
1249 2320 
1250 2317 
1251 2320 
1252 2367 
1253 2297 
1254 2293 
1255 2349 
1256 2322 
1257 2310 
1258 2372 
1259 2342 
1260 2307 
1261 2308 
1262 2289 
1263 2342 
1264 2358 
1265 2335 
1266 2293 
1267 2345 
1268 2442 
1269 2355 
1270 2351 
1271 2352 
1272 2350 
1273 2336 
1274 2337 
1275 2395 
1276 2452 
1277 2408 
1278 2336 
1279 2351 
1280 2314 
1281 2337 
1282 2334 
1283 2341 
1284 2541 
1285 2387 
1286 2260 
1287 2318 
1288 2260 
1289 2281 
1290 2301 
1291 2363 
1292 2512 
1293 2512 
1294 2493 
1295 2575 
1296 2560 
1297 2569 
1298 2546 
1299 2580 
1300 2731 
1301 2631 
1302 2525 
1303 2557 
1304 2561 
1305 2550 
1306 2493 
1307 2516 
1308 2493 
1309 2492 
1310 2470 
1311 2515 
1312 2503 
1313 2605 
1314 2452 
1315 2844 
1316 2462 
1317 2493 
1318 2494 
1319 2563 
1320 2456 
1321 2514 
1322 2477 
1323 2540 
1324 2450 
1325 2509 
1326 2495 
1327 2484 
1328 2476 
1329 2614 
1330 2763 
1331 2557 
1332 2424 
1333 2461 
1334 2458 
1335 2552 
1336 2460 
1337 2500 
1338 2488 
1339 2534 
1340 2476 
1341 2485 
1342 2550 
1343 2544 
1344 2469 
1345 2524 
1346 2451 
1347 2464 
1348 2441 
1349 2451 
1350 2481 
1351 2557 
1352 2489 
1353 2475 
1354 2524 
1355 2496 
1356 2498 
1357 2505 
1358 2450 
1359 2838 
1360 2475 
1361 2493 
1362 2469 
1363 2487 
1364 2448 
1365 2510 
1366 2585 
1367 2524 
1368 2492 
1369 2522 
1370 2541 
1371 2523 
1372 2474 
1373 2790 
1374 2530 
1375 2532 
1376 2449 
1377 2570 
1378 2474 
1379 2521 
1380 2473 
1381 2479 
1382 2503 
1383 2512 
1384 2589 
1385 2605 
1386 2618 
1387 2947 
1388 2608 
1389 2720 
1390 2655 
1391 2641 
1392 2668 
1393 2632 
1394 2611 
1395 2589 
1396 2569 
1397 2635 
1398 2585 
1399 2612 
1400 2607 
1401 2653 
1402 2604 
1403 2577 
1404 2562 
1405 2676 
1406 2628 
1407 2648 
1408 2556 
1409 2584 
1410 2587 
1411 2605 
1412 2650 
1413 2590 
1414 2599 
1415 2620 
1416 2552 
1417 2619 
1418 2648 
1419 2578 
1420 2530 
1421 2581 
1422 2567 
1423 2632 
1424 2517 
1425 2668 
1426 2569 
1427 2882 
1428 2549 
1429 2608 
1430 2593 
1431 2617 
1432 2590 
1433 2626 
1434 2637 
1435 2604 
1436 2550 
1437 2621 
1438 2571 
1439 2615 
1440 2575 
1441 2550 
1442 2557 
1443 2623 
1444 2548 
1445 2608 
1446 2545 
1447 2608 
1448 2597 
1449 2632 
1450 2623 
1451 2620 
1452 2626 
1453 2614 
1454 2567 
1455 2604 
1456 2646 
1457 2588 
1458 2560 
1459 2598 
1460 2548 
1461 2606 
1462 2599 
1463 2651 
1464 2582 
1465 2630 
1466 2580 
1467 2643 
1468 2535 
1469 2625 
1470 2658 
1471 2634 
1472 2642 
1473 2657 
1474 2592 
1475 2624 
1476 3122 
1477 3232 
1478 2918 
1479 3216 
1480 2905 
1481 2945 
1482 2872 
1483 2900 
1484 2886 
1485 2902 
1486 2893 
1487 2943 
1488 3018 
1489 3056 
1490 2817 
1491 2887 
1492 2865 
1493 2883 
1494 2824 
1495 2892 
1496 3061 
1497 3664 
1498 3505 
1499 3432 
1500 3499 
1501 3425 
1502 3358 
1503 3386 
1504 3131 
1505 3093 
1506 2920 
1507 2967 
1508 2929 
1509 3340 
1510 2894 
1511 3076 
1512 2930 
1513 2958 
1514 2933 
1515 2937 
1516 2882 
1517 2926 
1518 2935 
1519 2990 
1520 3068 
1521 3069 
1522 2950 
1523 3019 
1524 3029 
1525 3016 
1526 3035 
1527 2989 
1528 2942 
1529 3026 
1530 3003 
1531 3016 
1532 4373 
1533 2970 
1534 2938 
1535 2989 
1536 3050 
1537 3063 
1538 2968 
1539 2943 
1540 2982 
1541 2985 
1542 2887 
1543 3327 
1544 2902 
1545 2956 
1546 2951 
1547 2971 
1548 2982 
1549 2996 
1550 2947 
1551 3036 
1552 3002 
1553 2998 
1554 3294 
1555 2978 
1556 2894 
1557 2926 
1558 2984 
1559 3098 
1560 2934 
1561 2981 
1562 2985 
1563 2979 
1564 2970 
1565 3337 
1566 2919 
1567 2977 
1568 3141 
1569 3118 
1570 3141 
1571 3094 
1572 3135 
1573 3204 
1574 3166 
1575 3164 
1576 3166 
1577 3125 
1578 3114 
1579 3182 
1580 3102 
1581 3131 
1582 3184 
1583 3145 
1584 3099 
1585 3158 
1586 3484 
1587 3155 
1588 3078 
1589 3098 
1590 3109 
1591 3163 
1592 3084 
1593 3156 
1594 3112 
1595 3103 
1596 3137 
1597 3162 
1598 3062 
1599 3168 
1600 3079 
1601 3129 
1602 3084 
1603 3148 
1604 3118 
1605 3101 
1606 3084 
1607 3463 
1608 3075 
1609 3130 
1610 3098 
1611 3088 
1612 3085 
1613 3146 
1614 3111 
1615 3218 
1616 3055 
1617 3108 
1618 3138 
1619 3086 
1620 3024 
1621 3148 
1622 3092 
1623 3173 
1624 3075 
1625 3093 
1626 3047 
1627 3490 
1628 3059 
1629 3121 
1630 3147 
1631 3158 
1632 3111 
1633 3152 
1634 3066 
1635 3109 
1636 3076 
1637 3437 
1638 3071 
1639 3092 
1640 3073 
1641 3091 
1642 3081 
1643 3195 
1644 3052 
1645 3129 
1646 3075 
1647 3136 
1648 3037 
1649 3079 
1650 3071 
1651 3073 
1652 3074 
1653 3170 
1654 3106 
1655 3111 
1656 3096 
1657 3110 
1658 3105 
1659 3119 
1660 3244 
1661 3365 
1662 3316 
1663 3290 
1664 3330 
1665 3382 
1666 3295 
1667 3339 
1668 3340 
1669 3378 
1670 3331 
1671 3370 
1672 3287 
1673 3321 
1674 3318 
1675 3302 
1676 3433 
1677 3319 
1678 3285 
1679 3300 
1680 3339 
1681 3376 
1682 3323 
1683 3336 
1684 3287 
1685 3669 
1686 3305 
1687 3312 
1688 3273 
1689 3274 
1690 3320 
1691 3308 
1692 3326 
1693 3342 
1694 3255 
1695 3358 
1696 3287 
1697 3305 
1698 3305 
1699 3296 
1700 3292 
1701 3306 
1702 3311 
1703 3340 
1704 3274 
1705 3299 
1706 3311 
1707 3311 
1708 3271 
1709 3334 
1710 3277 
1711 3294 
1712 3368 
1713 3316 
1714 3259 
1715 3291 
1716 3289 
1717 3264 
1718 3264 
1719 3296 
1720 3251 
1721 3383 
1722 3419 
1723 3268 
1724 3251 
1725 3303 
1726 3245 
1727 3299 
1728 3253 
1729 3302 
1730 3296 
1731 3370 
1732 3225 
1733 3257 
1734 3237 
1735 3360 
1736 3246 
1737 3265 
1738 3339 
1739 3267 
1740 3268 
1741 3298 
1742 3275 
1743 3284 
1744 3210 
1745 3303 
1746 3337 
1747 3213 
1748 3264 
1749 3354 
1750 3346 
1751 3283 
1752 3346 
1753 3370 
1754 3353 
1755 6229 
1756 7866 
1757 7734 
1758 7655 
1759 7449 
1760 7757 
1761 7520 
1762 3920 
1763 3786 
1764 3443 
1765 3448 
1766 3519 
1767 3488 
1768 3459 
1769 3481 
1770 3412 
1771 3555 
1772 3321 
1773 3467 
1774 3543 
1775 3470 
1776 3432 
1777 3435 
1778 3424 
1779 3433 
1780 3409 
1781 3449 
1782 3484 
1783 3486 
1784 3411 
1785 3471 
1786 3424 
1787 3492 
1788 3354 
1789 3421 
1790 3377 
1791 3441 
1792 3467 
1793 3504 
1794 3350 
1795 3442 
1796 3421 
1797 3431 
1798 3401 
1799 3494 
1800 3440 
1801 3425 
1802 3335 
1803 3780 
1804 3467 
1805 3533 
1806 3382 
1807 3452 
1808 3484 
1809 3455 
1810 3342 
1811 3782 
1812 3473 
1813 3491 
1814 3370 
1815 3421 
1816 3389 
1817 3430 
1818 3414 
1819 3799 
1820 3364 
1821 3471 
1822 3434 
1823 3475 
1824 3458 
1825 3458 
1826 3432 
1827 3762 
1828 3371 
1829 3425 
1830 3385 
1831 3406 
1832 3415 
1833 3438 
1834 3396 
1835 3769 
1836 3419 
1837 3417 
1838 3387 
1839 3415 
1840 3388 
1841 3445 
1842 3458 
1843 3762 
1844 3687 
1845 3667 
1846 3538 
1847 3594 
1848 3871 
1849 3830 
1850 3761 
1851 3813 
1852 3848 
1853 3806 
1854 3646 
1855 3671 
1856 3865 
1857 4158 
1858 4155 
1859 3926 
1860 4033 
1861 4111 
1862 4036 
1863 3707 
1864 3800 
1865 3870 
1866 3696 
1867 3706 
1868 3643 
1869 3723 
1870 3645 
1871 3724 
1872 3735 
1873 3886 
1874 3686 
1875 3704 
1876 3641 
1877 3678 
1878 3713 
1879 3647 
1880 3678 
1881 4067 
1882 3685 
1883 3661 
1884 3654 
1885 3663 
1886 3622 
1887 3746 
1888 3693 
1889 3762 
1890 3649 
1891 3700 
1892 3616 
1893 3682 
1894 3658 
1895 3705 
1896 4010 
1897 3673 
1898 3657 
1899 3634 
1900 3571 
1901 3687 
1902 3631 
1903 3704 
1904 3646 
1905 3681 
1906 3602 
1907 3727 
1908 3687 
1909 3633 
1910 3625 
1911 3727 
1912 3672 
1913 3669 
1914 3612 
1915 3712 
1916 3612 
1917 3689 
1918 3776 
1919 3646 
1920 3585 
1921 3644 
1922 3733 
1923 3650 
1924 3660 
1925 4049 
1926 3623 
1927 3663 
1928 3642 
1929 3659 
1930 3637 
1931 3706 
1932 3646 
1933 3675 
1934 3643 
1935 3677 
1936 3746 
1937 3701 
1938 3719 
1939 3843 
1940 3880 
1941 3809 
1942 3855 
1943 3927 
1944 3749 
1945 3807 
1946 3768 
1947 3859 
1948 3744 
1949 3872 
1950 3734 
1951 3830 
1952 3751 
1953 3760 
1954 3803 
1955 3789 
1956 3815 
1957 3881 
1958 3756 
1959 3758 
1960 3713 
1961 3860 
1962 3761 
1963 3819 
1964 3734 
1965 3810 
1966 3783 
1967 3868 
1968 3742 
1969 3794 
1970 3813 
1971 3804 
1972 3749 
1973 3782 
1974 3861 
1975 3945 
1976 3790 
1977 3792 
1978 3829 
1979 3853 
1980 3708 
1981 3815 
1982 3828 
1983 3810 
1984 3753 
1985 3828 
1986 3735 
1987 3776 
1988 4210 
1989 3831 
1990 3724 
1991 3864 
1992 3700 
1993 3810 
1994 3849 
1995 3827 
1996 3723 
1997 3774 
1998 3746 
1999 3837 
2000 3844 
